Step1
1 0 0 0 0 0 0 1
1 0 0 0 0 0 0 0
1 0 0 0 0 0 1 0
1 0 0 0 0 0 0 0
1 0 0 1 0 0 0 0
1 0 0 0 0 1 0 0
Step2
1 0 0 0 0 0 0 1
1 0 0 0 0 0 0 0
1 0 0 0 0 0 1 0
1 0 0 0 0 0 0 0
1 0 0 1 0 0 0 0
1 0 0 0 0 1 0 0
Step3
1 0 0 0 0 0 0 1
1 0 0 0 0 0 0 0
1 0 0 0 0 0 1 0
1 0 0 0 0 0 0 0
1 0 0 1 0 0 0 0
1 0 0 0 0 1 0 0
Step4
1 0 0 0 0 0 0 1
1 0 0 0 0 0 0 0
1 0 0 0 0 0 1 0
1 0 0 0 0 0 0 0
1 0 0 1 0 0 0 0
1 0 0 0 0 1 0 0
Step5
1 0 0 0 0 0 0 1
1 0 0 0 0 0 0 0
1 0 0 0 0 0 1 0
1 0 0 0 0 0 0 0
1 0 0 1 0 0 0 0
1 0 0 0 0 1 0 0
Step6
1 0 0 0 0 0 0 1
1 0 0 0 0 0 0 0
1 0 0 0 0 0 1 0
1 0 0 0 0 0 0 0
1 0 0 1 0 0 0 0
1 0 0 0 0 1 0 0

